Filename: default_kite.sle
Design name: default_kite
Revision: 1.0
Designer: Beyond
Export Date: Wed 9/4/2024 4:48:01 PM

3d rib positions
      LE X,          Y,          Z,       TE X,          Y,          Z,      VUP X,          Y,          Z
17
  1.466992,  -0.125714,   0.144177,   1.444095,  -0.125667,  -0.292723,   0.436899,  -0.000897,  -0.022897
  1.470985,   0.218733,   0.207302,   1.438128,   0.216666,  -0.420886,   0.626949,   0.039436,  -0.032922
  1.429789,   0.561858,   0.261826,   1.389118,   0.553203,  -0.531586,   0.776036,   0.165140,  -0.041581
  1.332461,   0.894339,   0.307829,   1.287208,   0.875843,  -0.624986,   0.863471,   0.352934,  -0.048887
  1.172471,   1.202549,   0.345378,   1.126971,   1.171919,  -0.701222,   0.868208,   0.584455,  -0.054850
  0.949267,   1.469545,   0.374528,   0.908600,   1.426140,  -0.760405,   0.775971,   0.828215,  -0.059479
  0.669341,   1.677332,   0.395319,   0.638624,   1.622579,  -0.802618,   0.586124,   1.044754,  -0.062781
  0.346336,   1.809671,   0.407782,   0.329802,   1.747056,  -0.827922,   0.315487,   1.194752,  -0.064760
  0.000000,   1.854922,   0.411935,   0.000000,   1.789502,  -0.836352,   0.000000,   1.248287,  -0.065420
 -0.346336,   1.809671,   0.407782,  -0.329802,   1.747056,  -0.827922,  -0.315487,   1.194752,  -0.064760
 -0.669341,   1.677332,   0.395319,  -0.638624,   1.622579,  -0.802618,  -0.586124,   1.044754,  -0.062781
 -0.949267,   1.469545,   0.374528,  -0.908600,   1.426140,  -0.760405,  -0.775971,   0.828215,  -0.059479
 -1.172471,   1.202549,   0.345378,  -1.126971,   1.171919,  -0.701222,  -0.868208,   0.584455,  -0.054850
 -1.332461,   0.894339,   0.307829,  -1.287208,   0.875843,  -0.624986,  -0.863471,   0.352934,  -0.048887
 -1.429789,   0.561858,   0.261826,  -1.389118,   0.553203,  -0.531586,  -0.776036,   0.165140,  -0.041581
 -1.470985,   0.218733,   0.207302,  -1.438128,   0.216666,  -0.420886,  -0.626949,   0.039436,  -0.032922
 -1.466992,  -0.125714,   0.144177,  -1.444095,  -0.125667,  -0.292723,  -0.436899,  -0.000897,  -0.022897

3d curved wingtip positions
      LE X;          Y;          Z;       TE X;          Y;          Z;      VUP X;          Y;          Z
2
  1,445922;  -0,081867;  -0,055167;   1,443344;  -0,082558;  -0,308862;   0,460832;   0,004182;  -0,024159
  1,462450;   0,038158;   0,111246;   1,441267;   0,036624;  -0,353482;   0,526997;   0,018224;  -0,027650

LE tube
  Centre X,          Y,          Z,   Diam(mm)
21
  1.405988,  -0.119154,  -0.290079,   0.039375
  1.426075,  -0.075602,  -0.076636,   0.041546
  1.438699,   0.043439,   0.083492,   0.047548
  1.468888,   0.224608,   0.179680,   0.056615
  1.427208,   0.564493,   0.226317,   0.071505
  1.329118,   0.896249,   0.266012,   0.084069
  1.168710,   1.203279,   0.298398,   0.094323
  0.945625,   1.468860,   0.323532,   0.102284
  0.666440,   1.675294,   0.341456,   0.107962
  0.344724,   1.806656,   0.352199,   0.111366
  0.000000,   1.851558,   0.355778,   0.112500
 -0.344724,   1.806656,   0.352199,   0.111366
 -0.666440,   1.675294,   0.341456,   0.107962
 -0.945625,   1.468860,   0.323532,   0.102284
 -1.168710,   1.203279,   0.298398,   0.094323
 -1.329118,   0.896249,   0.266012,   0.084069
 -1.427208,   0.564493,   0.226317,   0.071505
 -1.468888,   0.224608,   0.179680,   0.056615
 -1.438699,   0.043439,   0.083492,   0.047548
 -1.426075,  -0.075602,  -0.076636,   0.041546
 -1.405988,  -0.119154,  -0.290079,   0.039375

Strut 3
  Centre X,          Y,          Z,   Diam(mm)
5
  1.439673,   0.563961,   0.192228,   0.000000
  1.443445,   0.564764,   0.187997,   0.027290
  1.463473,   0.569026,   0.101176,   0.055750
  1.452484,   0.566688,  -0.032067,   0.053771
  1.377424,   0.550715,  -0.530959,   0.023824

Strut 5
  Centre X,          Y,          Z,   Diam(mm)
6
  1.189379,   1.213931,   0.257056,   0.000000
  1.191298,   1.215223,   0.250637,   0.037477
  1.209390,   1.227402,   0.170032,   0.072229
  1.208936,   1.227096,   0.084095,   0.073390
  1.194940,   1.217674,  -0.075868,   0.067370
  1.116767,   1.165050,  -0.700578,   0.024518

Strut 7
  Centre X,          Y,          Z,   Diam(mm)
6
  0.683032,   1.701735,   0.297206,   0.000000
  0.683447,   1.702474,   0.289051,   0.042163
  0.694482,   1.722145,   0.194511,   0.082834
  0.693958,   1.721211,   0.096652,   0.084053
  0.684866,   1.705003,  -0.082663,   0.076992
  0.632536,   1.611727,  -0.801966,   0.024807

Strut 9
  Centre X,          Y,          Z,   Diam(mm)
6
  0.000000,   1.885830,   0.310839,   0.000000
  0.000000,   1.886048,   0.301961,   0.043549
  0.000000,   1.908641,   0.202556,   0.086333
  0.000000,   1.907348,   0.100847,   0.087606
  0.000000,   1.888047,  -0.086061,   0.080130
 -0.000000,   1.777019,  -0.835698,   0.024888

Strut 11
  Centre X,          Y,          Z,   Diam(mm)
6
 -0.683032,   1.701735,   0.297206,   0.000000
 -0.683447,   1.702474,   0.289051,   0.042163
 -0.694482,   1.722145,   0.194511,   0.082834
 -0.693958,   1.721211,   0.096652,   0.084053
 -0.684866,   1.705003,  -0.082663,   0.076992
 -0.632536,   1.611727,  -0.801966,   0.024807

Strut 13
  Centre X,          Y,          Z,   Diam(mm)
6
 -1.189379,   1.213931,   0.257056,   0.000000
 -1.191298,   1.215223,   0.250637,   0.037477
 -1.209390,   1.227402,   0.170032,   0.072229
 -1.208936,   1.227096,   0.084095,   0.073390
 -1.194940,   1.217674,  -0.075868,   0.067370
 -1.116767,   1.165050,  -0.700578,   0.024518

Strut 15
  Centre X,          Y,          Z,   Diam(mm)
5
 -1.439673,   0.563961,   0.192228,   0.000000
 -1.443445,   0.564764,   0.187997,   0.027290
 -1.463473,   0.569026,   0.101176,   0.055750
 -1.452484,   0.566688,  -0.032067,   0.053771
 -1.377424,   0.550715,  -0.530959,   0.023824

3d Bridle
      TopX,          Y,          Z,    BottomX,          Y,          Z, Name      ,     Length, Material
  0.645173,   1.634966,   0.370849,   1.057954,   0.459616,   0.270791, a1        ,   1.249739,           
  1.136874,   1.179382,   0.324008,   1.057954,   0.459616,   0.270791, a2        ,   0.726032,           
  1.398270,   0.555996,   0.245648,   1.301406,  -0.046763,   0.206574, a3        ,   0.611741,           
  1.445542,   0.218950,   0.194674,   1.301406,  -0.046763,   0.206574, a4        ,   0.302523,           
  1.407580,  -0.134572,  -0.287144,   1.386465,  -0.641667,  -0.212500, a5        ,   0.512994,           
  1.057954,   0.459616,   0.270791,   1.175458,  -0.442146,   0.198862, A1        ,   0.912226,           
  1.301406,  -0.046763,   0.206574,   1.175458,  -0.442146,   0.198862, A2        ,   0.415031,           
  1.175458,  -0.442146,   0.198862,   1.167549,  -0.641667,   0.187500, AI        ,   0.200000,           

